0	-82.037155	0.000000	100.628929
1	-82.041199	0.000000	0.000000
2	-82.029083	0.000001	301.886810
3	-82.037155	0.000000	100.628929
4	-82.029083	0.000001	201.257858
5	-82.033119	0.000000	201.257858
6	-82.029083	0.000001	301.886810
7	-82.041199	0.000000	0.000000
8	-82.037155	0.000000	100.628929
9	-82.033119	0.000000	201.257858
10	-78.033760	0.000060	352.201263
11	-80.686661	0.000028	1911.949585
12	-78.597694	0.000068	1006.289368
13	-72.259628	0.000200	201.257858
14	-70.501656	0.000241	352.201263
15	-68.818398	0.000325	100.628929
16	-67.522644	0.000294	855.345886
17	-68.171211	0.000328	352.201263
18	-65.453850	0.000470	352.201263
19	-55.464901	0.001513	100.628929
20	-62.688137	0.000629	301.886810
21	-63.498638	0.000496	805.031433
22	-55.315060	0.001415	150.943405
23	-53.456215	0.001755	100.628929
24	-55.143368	0.001476	352.201263
25	-53.159286	0.001961	201.257858
26	-54.700268	0.001476	704.402527
27	-58.008186	0.001068	452.830200
28	-51.144958	0.002166	452.830200
29	-52.638432	0.002004	352.201263
30	-53.273144	0.001658	955.974792
31	-52.997097	0.001834	905.660400
32	-46.769405	0.003531	553.459106
33	-46.950310	0.003800	402.515717
34	-47.994713	0.003103	855.345886
35	-42.945797	0.006104	301.886810
36	-42.937111	0.005896	352.201263
37	-42.655216	0.006131	201.257858
38	-38.589451	0.009415	201.257858
39	-33.598694	0.016353	301.886810
40	-32.169434	0.020529	251.572342
41	-31.613081	0.022785	352.201263
42	-31.933357	0.019839	553.459106
43	-28.504757	0.031189	251.572342
44	-28.037258	0.031419	452.830200
45	-28.508986	0.032437	352.201263
46	-29.484892	0.026945	402.515717
47	-30.764891	0.024632	251.572342
48	-31.506199	0.023048	503.144684
49	-32.339386	0.020697	352.201263
50	-34.072994	0.016612	352.201263
51	-31.977362	0.022941	251.572342
52	-31.867294	0.020950	402.515717
53	-31.509525	0.021158	402.515717
54	-28.238134	0.030083	452.830200
55	-26.902155	0.037095	402.515717
56	-24.875355	0.045945	553.459106
57	-24.424793	0.053233	251.572342
58	-25.078918	0.044100	452.830200
59	-26.256161	0.038943	352.201263
60	-24.275812	0.051589	251.572342
61	-26.848597	0.040017	352.201263
62	-23.838547	0.058296	251.572342
63	-26.868023	0.038806	352.201263
64	-22.227703	0.065687	352.201263
65	-22.808872	0.058764	352.201263
66	-23.419369	0.059803	251.572342
67	-25.459492	0.044961	352.201263
68	-24.969524	0.047567	352.201263
69	-25.035145	0.047765	301.886810
70	-27.139954	0.039211	301.886810
71	-25.279724	0.048489	251.572342
72	-26.588806	0.035813	654.088074
73	-27.323845	0.035053	251.572342
74	-27.230459	0.038745	452.830200
75	-24.001793	0.057151	251.572342
76	-22.923296	0.065089	251.572342
77	-22.067142	0.072549	251.572342
78	-23.710693	0.059132	251.572342
79	-23.653872	0.056308	251.572342
80	-22.073835	0.068232	251.572342
81	-22.742390	0.064986	251.572342
82	-23.797132	0.057323	251.572342
83	-25.714296	0.044177	251.572342
84	-26.781971	0.037367	251.572342
85	-29.624037	0.027154	553.459106
86	-28.488514	0.031705	402.515717
87	-21.886339	0.069091	352.201263
88	-20.652981	0.079277	503.144684
89	-20.405281	0.080807	352.201263
90	-18.438448	0.102092	402.515717
91	-18.033047	0.106738	503.144684
92	-18.330496	0.100311	503.144684
93	-18.600941	0.097159	352.201263
94	-17.081343	0.116501	452.830200
95	-17.602510	0.108228	553.459106
96	-17.541376	0.106606	503.144684
97	-16.714855	0.115277	503.144684
98	-16.521299	0.121940	603.773621
99	-14.025056	0.169211	553.459106
100	-16.221262	0.128727	553.459106
101	-15.711796	0.134843	402.515717
102	-15.068226	0.144424	452.830200
103	-14.362592	0.158945	452.830200
104	-16.219248	0.126399	603.773621
105	-15.807261	0.129841	754.716980
106	-16.746130	0.111966	754.716980
107	-21.268950	0.071170	855.345886
108	-21.794168	0.068222	503.144684
109	-23.610279	0.054945	654.088074
110	-23.788271	0.048438	754.716980
111	-29.851742	0.026351	704.402527
112	-33.969864	0.015931	855.345886
113	-37.323746	0.010536	704.402527
114	-36.075474	0.011570	805.031433
115	-36.770767	0.012165	452.830200
116	-36.527328	0.012038	402.515717
117	-39.212421	0.008285	654.088074
118	-36.739925	0.010764	251.572342
119	-36.413315	0.011150	352.201263
120	-38.852383	0.009266	452.830200
121	-36.324898	0.013440	100.628929
122	-39.167980	0.009905	150.943405
123	-40.119976	0.008188	352.201263
124	-38.877686	0.009365	251.572342
125	-44.061775	0.005170	452.830200
126	-40.686543	0.007569	503.144684
127	-41.795132	0.006326	654.088074
128	-39.311214	0.009991	100.628929
129	-42.570766	0.006218	553.459106
130	-39.538609	0.008907	503.144684
131	-44.489967	0.004946	1106.918213
132	-42.936283	0.005852	805.031433
133	-41.905884	0.006035	905.660400
134	-35.264866	0.014084	1006.289368
135	-33.846535	0.016776	1006.289368
136	-35.474762	0.013747	805.031433
137	-33.787907	0.015669	2716.981201
138	-34.962894	0.013469	2666.666748
139	-35.570930	0.013253	2314.465576
140	-34.307156	0.015781	1761.006226
141	-34.273933	0.015169	2817.610107
142	-34.884808	0.014594	2666.666748
143	-38.249882	0.009731	1257.861572
144	-40.839928	0.007512	1207.547241
145	-36.952831	0.011909	603.773621
146	-25.470591	0.044575	301.886810
147	-24.293066	0.054589	251.572342
148	-27.134809	0.036909	251.572342
149	-30.244381	0.025013	201.257858
150	-33.213264	0.017788	251.572342
151	-35.670841	0.013146	301.886810
152	-40.661572	0.007123	452.830200
153	-36.366180	0.010853	754.716980
154	-38.934505	0.009261	452.830200
155	-34.571598	0.015508	754.716980
156	-30.414995	0.021039	603.773621
157	-19.942684	0.078323	452.830200
158	-17.019552	0.113406	452.830200
159	-17.150528	0.116287	553.459106
160	-16.518932	0.124675	452.830200
161	-16.998777	0.114193	503.144684
162	-16.260374	0.126281	553.459106
163	-16.633652	0.125757	503.144684
164	-19.715443	0.084089	402.515717
165	-20.727020	0.079936	251.572342
166	-21.520576	0.065658	704.402527
167	-25.888624	0.039457	603.773621
168	-24.466164	0.051550	100.628929
169	-23.838137	0.051037	251.572342
170	-27.286404	0.038297	100.628929
171	-24.061218	0.055387	301.886810
172	-28.997450	0.029285	704.402527
173	-29.432888	0.027541	1308.176147
174	-25.166014	0.047127	251.572342
175	-23.391993	0.053369	352.201263
176	-23.062620	0.058766	402.515717
177	-21.551821	0.072403	201.257858
178	-22.247107	0.063742	352.201263
179	-21.767006	0.065644	553.459106
180	-21.371473	0.068056	452.830200
181	-20.827177	0.076571	452.830200
182	-21.293089	0.071536	452.830200
183	-28.376431	0.028752	251.572342
184	-29.696026	0.029380	100.628929
185	-29.968313	0.025189	402.515717
186	-26.014757	0.039198	603.773621
187	-24.963240	0.045480	603.773621
188	-22.216112	0.063620	452.830200
189	-21.646132	0.071474	452.830200
190	-22.332331	0.063693	452.830200
191	-22.412682	0.059499	754.716980
192	-23.249519	0.056786	503.144684
193	-23.417303	0.054691	553.459106
194	-22.259544	0.063560	553.459106
195	-21.854200	0.064486	603.773621
196	-21.659889	0.068371	503.144684
197	-21.029812	0.070676	654.088074
198	-21.309912	0.070699	603.773621
199	-21.485563	0.067346	603.773621
200	-23.435867	0.056646	402.515717
201	-24.057594	0.052405	301.886810
202	-25.968821	0.040338	301.886810
203	-26.873949	0.038345	402.515717
204	-26.651451	0.037342	452.830200
205	-27.371691	0.034003	603.773621
206	-25.811869	0.043381	301.886810
207	-30.462881	0.024737	553.459106
208	-33.528378	0.016849	704.402527
209	-35.697083	0.013844	1006.289368
210	-33.947903	0.017435	955.974792
211	-35.802238	0.013678	805.031433
212	-37.410515	0.009661	1308.176147
213	-33.225506	0.018604	301.886810
214	-35.111965	0.014627	905.660400
215	-34.857639	0.014674	805.031433
216	-37.948631	0.009995	1610.062866
217	-35.114651	0.013817	1056.603760
218	-36.315109	0.012178	1207.547241
219	-33.855400	0.016011	352.201263
220	-32.633091	0.019937	452.830200
221	-31.907000	0.020912	352.201263
222	-31.546127	0.021291	704.402527
223	-30.223234	0.026402	553.459106
224	-29.517740	0.027788	503.144684
225	-28.062288	0.033828	452.830200
226	-28.831244	0.029473	402.515717
227	-27.199938	0.033747	553.459106
228	-25.931353	0.042383	251.572342
229	-28.540987	0.031859	201.257858
230	-25.071363	0.050364	150.943405
231	-25.043341	0.047410	201.257858
232	-26.795324	0.040152	251.572342
233	-28.128201	0.035439	150.943405
234	-33.734005	0.017522	603.773621
235	-33.322212	0.018086	402.515717
236	-33.539642	0.018058	452.830200
237	-34.557850	0.014290	352.201263
238	-34.187912	0.016080	452.830200
239	-29.993271	0.027543	150.943405
240	-31.723640	0.020608	301.886810
241	-32.852131	0.018610	452.830200
242	-29.986950	0.025819	452.830200
243	-31.978935	0.021102	503.144684
244	-33.467533	0.016632	805.031433
245	-30.156902	0.024659	704.402527
246	-31.024656	0.022195	654.088074
247	-32.488598	0.018743	955.974792
248	-27.968508	0.034029	251.572342
249	-31.470850	0.021698	503.144684
250	-31.864401	0.020737	301.886810
251	-34.249168	0.016142	553.459106
252	-30.505373	0.025224	503.144684
253	-27.693878	0.033022	654.088074
254	-29.131388	0.028361	754.716980
255	-29.584778	0.028417	603.773621
256	-28.476589	0.031129	855.345886
257	-26.742481	0.037540	553.459106
258	-29.012516	0.029751	553.459106
259	-31.265583	0.022294	955.974792
260	-30.003851	0.026383	402.515717
261	-29.267067	0.028755	855.345886
262	-31.058882	0.022106	402.515717
263	-32.876915	0.018709	603.773621
264	-33.014729	0.017480	553.459106
265	-32.544254	0.020081	301.886810
266	-34.023403	0.016532	352.201263
267	-34.836063	0.015614	301.886810
268	-34.916824	0.014581	553.459106
269	-35.823586	0.012650	503.144684
270	-38.301579	0.009995	503.144684
271	-36.934105	0.011150	301.886810
272	-38.894478	0.008576	704.402527
273	-38.460155	0.009914	503.144684
274	-39.257221	0.009206	603.773621
275	-39.093395	0.009224	503.144684
276	-37.513103	0.011687	452.830200
277	-36.388607	0.012657	402.515717
278	-38.620338	0.009946	654.088074
279	-37.489796	0.011569	503.144684
280	-37.034691	0.011734	402.515717
281	-34.555191	0.016577	150.943405
282	-37.543556	0.011032	352.201263
283	-42.687477	0.005899	603.773621
284	-37.751568	0.010708	402.515717
285	-37.517136	0.009985	503.144684
286	-40.004822	0.008133	654.088074
287	-36.796474	0.011960	301.886810
288	-40.360435	0.008138	352.201263
289	-39.283134	0.009487	251.572342
290	-37.226734	0.011437	352.201263
291	-34.495052	0.015281	251.572342
292	-34.155243	0.016887	251.572342
293	-30.198307	0.023996	402.515717
294	-30.902714	0.022950	402.515717
295	-26.709293	0.036671	402.515717
296	-27.282751	0.034159	251.572342
297	-25.033279	0.045405	402.515717
298	-21.388250	0.075496	352.201263
299	-21.501648	0.073417	452.830200
300	-19.782316	0.082268	654.088074
301	-17.762367	0.109469	553.459106
302	-19.134029	0.091410	754.716980
303	-20.005356	0.084894	553.459106
304	-21.034723	0.075014	452.830200
305	-25.247316	0.045443	301.886810
306	-28.406590	0.033568	100.628929
307	-34.936878	0.014239	402.515717
308	-33.404934	0.016847	503.144684
309	-30.139891	0.026293	201.257858
310	-40.123169	0.008007	402.515717
311	-37.728001	0.011520	201.257858
312	-29.752495	0.024527	1207.547241
313	-24.995239	0.046388	905.660400
314	-20.452793	0.080716	503.144684
315	-19.915773	0.085366	603.773621
316	-18.998238	0.096357	603.773621
317	-19.217260	0.091544	704.402527
318	-20.784212	0.072816	603.773621
319	-25.382448	0.046945	452.830200
320	-26.729967	0.038579	150.943405
321	-27.376835	0.037018	100.628929
322	-30.748087	0.025497	201.257858
323	-34.818752	0.015099	553.459106
324	-37.254856	0.010312	1106.918213
325	-34.843060	0.014548	2113.207520
326	-32.888535	0.018986	654.088074
327	-34.890961	0.014966	352.201263
328	-37.796043	0.009901	402.515717
329	-36.218361	0.013147	100.628929
330	-36.012192	0.012804	452.830200
331	-41.094681	0.007404	402.515717
332	-34.869076	0.014851	452.830200
333	-36.960194	0.012203	100.628929
334	-37.194950	0.011575	251.572342
335	-40.948456	0.006617	452.830200
336	-38.388420	0.010676	251.572342
337	-36.293476	0.013393	452.830200
338	-36.793640	0.011852	704.402527
339	-37.627350	0.011216	553.459106
340	-37.564220	0.010880	654.088074
341	-29.122431	0.027146	352.201263
342	-26.256044	0.037465	251.572342
343	-24.913445	0.044582	402.515717
344	-24.764980	0.046156	301.886810
345	-23.185282	0.056061	352.201263
346	-22.818659	0.059495	352.201263
347	-22.069977	0.066630	301.886810
348	-21.615311	0.066932	452.830200
349	-18.946373	0.096037	402.515717
350	-17.866838	0.111834	251.572342
351	-18.342398	0.103107	301.886810
352	-20.688124	0.079562	301.886810
353	-24.658957	0.047148	352.201263
354	-25.752407	0.043170	452.830200
355	-22.615765	0.062249	301.886810
356	-20.590464	0.075577	452.830200
357	-23.744905	0.055202	251.572342
358	-25.756035	0.045604	150.943405
359	-28.939713	0.031913	553.459106
360	-32.130859	0.020871	1157.232788
361	-36.060474	0.012231	2666.666748
362	-33.646461	0.015974	2213.836426
363	-31.513779	0.021531	1660.377441
364	-33.778843	0.016976	2968.553467
365	-34.017525	0.016364	2968.553467
366	-33.448158	0.016908	3018.867920
367	-32.659863	0.019528	2666.666748
368	-33.113338	0.017874	1911.949585
369	-32.121807	0.019935	2314.465576
370	-31.629087	0.021914	1308.176147
371	-35.139828	0.014343	2767.295654
372	-37.297413	0.011581	503.144684
373	-36.796734	0.012298	352.201263
374	-39.734795	0.008635	603.773621
375	-39.299500	0.009090	301.886810
376	-37.882812	0.010216	352.201263
377	-35.197639	0.015246	201.257858
378	-42.003227	0.006499	805.031433
379	-34.655338	0.014247	553.459106
380	-35.571987	0.014315	402.515717
381	-35.459003	0.014167	402.515717
382	-39.813602	0.008906	402.515717
383	-37.737717	0.010962	352.201263
384	-35.361084	0.015012	100.628929
385	-36.878925	0.012637	201.257858
386	-39.991947	0.008629	251.572342
387	-41.600273	0.007043	603.773621
388	-38.222298	0.010823	352.201263
389	-38.633163	0.009058	1157.232788
390	-41.937965	0.006363	1660.377441
391	-37.743996	0.010508	1056.603760
392	-42.666714	0.005988	1861.635254
393	-38.820854	0.009626	1006.289368
394	-41.322552	0.007040	1056.603760
395	-41.254196	0.006641	855.345886
396	-41.441849	0.007145	452.830200
397	-37.781322	0.010618	402.515717
398	-28.020340	0.031391	352.201263
399	-23.898968	0.051575	603.773621
400	-22.025982	0.062757	603.773621
401	-20.874903	0.076282	603.773621
402	-20.907455	0.077994	553.459106
403	-21.497776	0.067121	704.402527
404	-21.331406	0.069361	452.830200
405	-25.296947	0.043727	603.773621
406	-25.828566	0.042009	301.886810
407	-22.546856	0.059304	503.144684
408	-21.457069	0.071763	553.459106
409	-21.459078	0.070098	553.459106
410	-20.533108	0.077851	603.773621
411	-18.899084	0.094650	603.773621
412	-19.325888	0.091465	503.144684
413	-24.938210	0.045517	452.830200
414	-24.939831	0.047266	452.830200
415	-25.406801	0.045431	503.144684
416	-25.311291	0.047289	301.886810
417	-25.153137	0.043417	503.144684
418	-19.194006	0.091252	553.459106
419	-18.801102	0.099014	553.459106
420	-19.329453	0.088876	503.144684
421	-18.162132	0.097667	503.144684
422	-22.921698	0.063190	251.572342
423	-23.986160	0.055780	100.628929
424	-29.847408	0.025476	855.345886
425	-33.029495	0.018878	1106.918213
426	-33.121609	0.016845	3119.496826
427	-33.552586	0.016978	2767.295654
428	-33.734581	0.016075	2968.553467
429	-33.556110	0.017061	2817.610107
430	-35.336529	0.013894	3018.867920
431	-39.498749	0.008666	1358.490601
432	-36.786945	0.011561	1710.691772
433	-37.443516	0.010275	1207.547241
434	-32.683052	0.020864	100.628929
435	-32.930882	0.019480	251.572342
436	-36.859360	0.011070	452.830200
437	-36.516499	0.011485	402.515717
438	-32.170280	0.019949	452.830200
439	-28.978542	0.029839	100.628929
440	-29.386631	0.027634	150.943405
441	-27.847897	0.034074	301.886810
442	-26.575842	0.040152	352.201263
443	-25.587511	0.044167	503.144684
444	-25.528872	0.041306	352.201263
445	-24.682348	0.043778	503.144684
446	-24.934557	0.046534	402.515717
447	-23.441666	0.057625	301.886810
448	-23.703804	0.051360	452.830200
449	-22.791887	0.059028	402.515717
450	-25.360823	0.041776	503.144684
451	-27.852165	0.034423	301.886810
452	-27.237940	0.037582	251.572342
453	-26.290874	0.039861	201.257858
454	-24.977415	0.043286	352.201263
455	-23.297804	0.055832	452.830200
456	-23.689739	0.052495	503.144684
457	-23.082661	0.058752	402.515717
458	-27.275112	0.034146	402.515717
459	-28.924591	0.027674	402.515717
460	-28.078587	0.033989	201.257858
461	-26.245180	0.039420	301.886810
462	-24.305840	0.048688	654.088074
463	-20.637213	0.078467	452.830200
464	-18.472872	0.100243	503.144684
465	-20.915670	0.075294	503.144684
466	-21.595781	0.068591	402.515717
467	-21.273956	0.070494	452.830200
468	-20.049536	0.078037	603.773621
469	-21.041626	0.071585	553.459106
470	-21.239620	0.071378	352.201263
471	-22.877071	0.057003	553.459106
472	-23.421650	0.055007	503.144684
473	-22.356455	0.064413	452.830200
474	-22.238180	0.064295	503.144684
475	-21.589916	0.070952	503.144684
476	-21.528154	0.069872	603.773621
477	-20.999537	0.070519	654.088074
478	-21.192377	0.073096	452.830200
479	-21.809652	0.064977	603.773621
480	-22.384394	0.063977	503.144684
481	-23.875401	0.052986	301.886810
482	-26.881002	0.039918	100.628929
483	-27.075138	0.040050	100.628929
484	-31.238035	0.024653	100.628929
485	-35.233658	0.014543	402.515717
486	-34.211807	0.016950	100.628929
487	-35.508938	0.014852	301.886810
488	-34.619244	0.016110	0.000000
489	-38.851166	0.009824	201.257858
490	-36.824364	0.011732	301.886810
491	-39.099064	0.008321	654.088074
492	-22.330555	0.061565	603.773621
493	-19.592554	0.086126	603.773621
494	-22.474199	0.063036	603.773621
495	-21.854872	0.063617	654.088074
496	-21.376776	0.068535	654.088074
497	-21.617792	0.068289	553.459106
498	-23.472744	0.053320	503.144684
499	-30.202625	0.023813	100.628929
500	-38.144016	0.009767	402.515717
501	-40.258728	0.007620	452.830200
502	-38.482693	0.008993	603.773621
503	-40.334789	0.007666	503.144684
504	-37.682804	0.011660	100.628929
505	-41.752438	0.006473	402.515717
506	-37.917477	0.011415	150.943405
507	-37.993484	0.010189	352.201263
508	-32.670189	0.017248	553.459106
509	-42.454601	0.005946	805.031433
510	-37.478298	0.010788	402.515717
511	-42.061588	0.006312	855.345886
512	-43.327457	0.005206	855.345886
513	-36.449936	0.012039	352.201263
514	-38.126690	0.010371	251.572342
515	-39.786041	0.007323	402.515717
516	-37.599537	0.009980	301.886810
517	-40.378300	0.008385	402.515717
518	-40.576271	0.007766	704.402527
519	-39.472309	0.008805	452.830200
520	-39.532867	0.008740	503.144684
521	-41.378223	0.006857	754.716980
522	-40.159096	0.008332	402.515717
523	-37.464931	0.010378	603.773621
524	-40.037895	0.007384	553.459106
525	-41.760227	0.006746	452.830200
526	-39.688538	0.007335	805.031433
527	-39.797688	0.009496	150.943405
528	-39.769222	0.008555	251.572342
529	-36.815041	0.012634	201.257858
530	-33.679493	0.018301	150.943405
531	-33.270912	0.017068	553.459106
532	-33.166836	0.018350	452.830200
533	-29.105709	0.028087	402.515717
534	-24.382364	0.050354	654.088074
535	-22.737947	0.059383	452.830200
536	-23.118261	0.058237	603.773621
537	-24.064262	0.051147	553.459106
538	-25.316156	0.044182	402.515717
539	-24.453106	0.055464	100.628929
540	-28.054426	0.033876	201.257858
541	-31.019869	0.022423	201.257858
542	-29.784935	0.026822	150.943405
543	-31.029373	0.022427	100.628929
544	-29.505255	0.027365	150.943405
545	-29.676270	0.024557	654.088074
546	-26.977381	0.036012	603.773621
547	-25.789579	0.040434	553.459106
548	-25.426376	0.043124	553.459106
549	-26.775730	0.035365	553.459106
550	-26.586313	0.037274	452.830200
551	-25.813389	0.044334	402.515717
552	-24.981794	0.048547	201.257858
553	-28.536095	0.027875	704.402527
554	-29.986343	0.026646	503.144684
555	-27.458557	0.035314	503.144684
556	-26.532824	0.041787	301.886810
557	-29.822475	0.025970	603.773621
558	-28.279360	0.032077	201.257858
559	-27.484903	0.035959	301.886810
560	-25.240986	0.047335	352.201263
561	-24.177719	0.051403	301.886810
562	-27.740177	0.033072	352.201263
563	-29.242718	0.026775	503.144684
564	-29.638775	0.026200	503.144684
565	-26.470432	0.036909	452.830200
566	-23.793280	0.048594	402.515717
567	-21.366232	0.071192	251.572342
568	-21.259989	0.071037	402.515717
569	-22.007246	0.063958	352.201263
570	-23.353453	0.049032	654.088074
571	-27.280849	0.032306	603.773621
572	-28.791857	0.032074	201.257858
573	-27.139315	0.040581	100.628929
574	-26.908583	0.040502	201.257858
575	-26.690952	0.041102	100.628929
576	-28.400576	0.034521	150.943405
577	-34.342670	0.015757	201.257858
578	-36.018272	0.012117	251.572342
579	-36.373104	0.013362	150.943405
580	-33.186401	0.018244	301.886810
581	-32.475250	0.021178	100.628929
582	-30.657719	0.025195	150.943405
583	-29.030432	0.030425	251.572342
584	-24.388762	0.048855	301.886810
585	-22.599110	0.063149	553.459106
586	-21.865540	0.070354	1006.289368
587	-23.363792	0.059175	754.716980
588	-24.972914	0.048580	654.088074
589	-26.665249	0.037857	905.660400
590	-26.957846	0.036316	553.459106
591	-25.752834	0.043540	402.515717
592	-24.684975	0.048456	251.572342
593	-23.460112	0.056372	301.886810
594	-24.534153	0.047929	201.257858
595	-24.654526	0.050585	100.628929
596	-26.019234	0.042620	100.628929
597	-27.281710	0.035773	201.257858
598	-27.853863	0.035690	100.628929
599	-33.228191	0.017670	402.515717
600	-39.802704	0.008396	553.459106
601	-36.141857	0.013428	553.459106
602	-33.696529	0.015519	754.716980
603	-31.422523	0.021596	1157.232788
604	-26.661892	0.039487	251.572342
605	-25.837173	0.041294	553.459106
606	-24.868368	0.045989	905.660400
607	-24.253248	0.051101	452.830200
608	-25.211054	0.044991	402.515717
609	-29.806765	0.026096	352.201263
610	-27.599802	0.034755	150.943405
611	-30.772491	0.025849	100.628929
612	-33.821247	0.017962	100.628929
613	-31.504103	0.021158	201.257858
614	-35.454540	0.014076	201.257858
615	-33.367069	0.016479	553.459106
616	-32.338608	0.019267	855.345886
617	-29.512428	0.025856	553.459106
618	-22.284182	0.062635	402.515717
619	-23.072914	0.058552	503.144684
620	-29.106104	0.027766	704.402527
621	-26.178911	0.040656	402.515717
622	-22.485777	0.064944	402.515717
623	-21.580730	0.067131	754.716980
624	-23.171751	0.058250	603.773621
625	-22.250126	0.062816	603.773621
626	-23.149021	0.055418	654.088074
627	-24.675783	0.047231	603.773621
628	-25.029846	0.042893	654.088074
629	-26.456059	0.041233	603.773621
630	-27.766764	0.030843	805.031433
631	-34.745899	0.013203	1157.232788
632	-31.787941	0.021368	503.144684
633	-29.534130	0.026949	503.144684
634	-32.236805	0.019433	805.031433
635	-33.515022	0.018441	301.886810
636	-37.945511	0.010559	1006.289368
637	-39.829353	0.008039	1911.949585
638	-36.651814	0.012237	1358.490601
639	-36.240738	0.012390	2012.578735
640	-33.563602	0.017955	805.031433
641	-35.910866	0.013053	1610.062866
642	-37.264591	0.010994	3069.182373
643	-31.931555	0.020801	1006.289368
644	-34.385750	0.015100	1911.949585
645	-36.223454	0.012703	1610.062866
646	-36.007702	0.012597	1257.861572
647	-36.810478	0.011926	1660.377441
648	-39.075954	0.009075	1761.006226
649	-37.534168	0.010987	1006.289368
650	-37.674236	0.010822	1408.805054
651	-38.205433	0.009251	1459.119385
652	-38.478054	0.010059	654.088074
653	-34.993191	0.015822	201.257858
654	-37.437408	0.011554	503.144684
655	-35.893745	0.013227	352.201263
656	-34.373245	0.015470	352.201263
657	-36.447620	0.012469	452.830200
658	-35.568863	0.013995	654.088074
659	-34.745300	0.014862	553.459106
660	-34.280506	0.015739	654.088074
661	-35.054638	0.015002	553.459106
662	-35.912216	0.011936	754.716980
663	-36.726070	0.012557	553.459106
664	-30.222925	0.025081	503.144684
665	-26.401043	0.044674	50.314465
666	-25.169695	0.047226	301.886810
667	-26.554028	0.037740	201.257858
668	-24.175150	0.050466	50.314465
669	-28.400988	0.030011	503.144684
670	-28.570349	0.031002	251.572342
671	-25.996326	0.042056	452.830200
672	-28.666681	0.029615	503.144684
673	-29.753489	0.026525	654.088074
674	-28.660835	0.029386	352.201263
675	-29.682947	0.025678	704.402527
676	-31.129211	0.022710	603.773621
677	-29.299400	0.028822	301.886810
678	-32.992474	0.017545	805.031433
679	-34.799999	0.014772	654.088074
680	-31.249033	0.022262	654.088074
681	-32.959240	0.018429	603.773621
682	-33.613773	0.017354	402.515717
683	-34.454082	0.016036	352.201263
684	-37.340012	0.011447	301.886810
685	-32.703735	0.019637	251.572342
686	-34.713730	0.014927	352.201263
687	-33.368484	0.018260	201.257858
688	-34.942059	0.014943	402.515717
689	-38.847752	0.009016	603.773621
690	-35.262127	0.013236	301.886810
691	-38.239872	0.010307	352.201263
692	-40.519314	0.007688	402.515717
693	-36.648872	0.012315	553.459106
694	-39.194313	0.008520	503.144684
695	-40.733204	0.007348	654.088074
696	-34.842705	0.014991	452.830200
697	-38.477207	0.010129	553.459106
698	-36.941780	0.010906	553.459106
699	-37.997036	0.010749	402.515717
700	-33.626907	0.015725	503.144684
701	-35.706253	0.013957	301.886810
702	-37.703590	0.010651	503.144684
703	-42.565693	0.006147	754.716980
704	-38.532345	0.008654	855.345886
705	-35.699139	0.013220	654.088074
706	-39.823681	0.008248	503.144684
707	-38.105808	0.010779	402.515717
708	-37.768215	0.010975	251.572342
709	-40.822639	0.006941	905.660400
710	-36.188976	0.013289	301.886810
711	-38.449730	0.010381	503.144684
712	-33.574081	0.017846	301.886810
713	-33.083286	0.017001	251.572342
714	-27.662222	0.033322	0.000000
715	-30.529913	0.026089	50.314465
716	-30.642666	0.026558	100.628929
717	-34.618725	0.016711	50.314465
718	-33.808655	0.019323	0.000000
719	-32.269398	0.017244	452.830200
720	-31.512163	0.024517	201.257858
721	-33.134407	0.018201	704.402527
722	-37.154476	0.012104	150.943405
723	-35.099445	0.015568	201.257858
724	-33.989826	0.018049	150.943405
725	-39.373165	0.009093	352.201263
726	-40.076210	0.007685	1106.918213
727	-36.430073	0.011875	754.716980
728	-42.015423	0.006663	654.088074
729	-40.090858	0.008373	301.886810
730	-42.502529	0.005788	1006.289368
731	-39.347630	0.009064	452.830200
732	-41.059719	0.007674	553.459106
733	-38.443092	0.009745	654.088074
734	-44.918663	0.004562	603.773621
735	-41.078323	0.007010	855.345886
736	-43.569466	0.005179	704.402527
737	-40.312489	0.007887	603.773621
738	-45.414478	0.004436	905.660400
739	-38.332207	0.011196	251.572342
740	-38.709267	0.009676	150.943405
741	-39.021515	0.009654	50.314465
742	-36.585434	0.013290	100.628929
743	-44.880802	0.004765	553.459106
744	-46.124760	0.004295	301.886810
745	-38.778759	0.009878	50.314465
746	-42.488564	0.006552	251.572342
747	-40.735985	0.007951	301.886810
748	-41.744175	0.007139	251.572342
749	-35.792233	0.013562	100.628929
750	-36.400650	0.012292	251.572342
751	-42.373753	0.006002	704.402527
752	-40.265583	0.007882	503.144684
753	-29.637291	0.026465	150.943405
754	-28.610498	0.031352	100.628929
755	-30.041319	0.025142	201.257858
756	-27.028532	0.037151	100.628929
757	-25.373005	0.045970	402.515717
758	-25.192204	0.045895	452.830200
759	-24.165022	0.051780	503.144684
760	-23.520056	0.055112	503.144684
761	-26.265150	0.040635	452.830200
762	-25.997122	0.043861	201.257858
763	-27.217278	0.036946	301.886810
764	-28.757748	0.030346	1509.433960
765	-28.007441	0.032716	1559.748413
766	-29.481100	0.028103	1610.062866
767	-32.743877	0.019167	955.974792
768	-30.715340	0.024166	452.830200
769	-27.433664	0.032985	301.886810
770	-24.137716	0.052457	201.257858
771	-21.772848	0.063106	603.773621
772	-20.994268	0.074061	704.402527
773	-23.221884	0.054758	603.773621
774	-24.373360	0.046889	654.088074
775	-27.501032	0.034311	301.886810
776	-31.183769	0.022129	553.459106
777	-35.494518	0.013088	402.515717
778	-34.317524	0.016506	201.257858
779	-30.125940	0.026440	100.628929
780	-30.572504	0.024909	352.201263
781	-23.427576	0.052811	402.515717
782	-22.399044	0.062815	553.459106
783	-23.029919	0.055897	603.773621
784	-20.706074	0.072712	452.830200
785	-19.449978	0.085918	704.402527
786	-19.627516	0.081480	955.974792
787	-20.442196	0.075116	704.402527
788	-21.218285	0.072254	503.144684
789	-21.556124	0.070253	402.515717
790	-22.966688	0.058174	503.144684
791	-25.216986	0.042099	654.088074
792	-25.054844	0.045922	402.515717
793	-25.514523	0.042909	301.886810
794	-22.955130	0.057917	452.830200
795	-22.770569	0.052969	855.345886
796	-23.593685	0.050374	654.088074
797	-28.049351	0.032982	201.257858
798	-30.386593	0.024905	503.144684
799	-25.484261	0.041341	402.515717
800	-24.424820	0.048841	301.886810
801	-23.367592	0.056315	452.830200
802	-23.007607	0.057307	352.201263
803	-24.142731	0.049548	352.201263
804	-23.189667	0.053176	452.830200
805	-22.577696	0.057746	553.459106
806	-21.152397	0.071799	352.201263
807	-21.306990	0.071754	402.515717
808	-21.744890	0.062037	402.515717
809	-20.372597	0.073857	553.459106
810	-21.148602	0.067506	754.716980
811	-21.159559	0.066649	704.402527
812	-22.076817	0.060819	654.088074
813	-20.116903	0.076486	855.345886
814	-20.094812	0.076351	1056.603760
815	-21.060947	0.066684	905.660400
816	-19.149248	0.085328	955.974792
817	-18.553333	0.092939	1207.547241
818	-20.728172	0.072837	704.402527
819	-19.008341	0.090563	855.345886
820	-20.976282	0.073062	1056.603760
821	-20.541298	0.073988	805.031433
822	-19.901997	0.083731	1056.603760
823	-21.668797	0.063414	754.716980
824	-20.909876	0.073624	1106.918213
825	-22.189354	0.067020	754.716980
826	-21.416346	0.069188	704.402527
827	-22.958494	0.061510	402.515717
828	-25.071253	0.048050	251.572342
829	-26.300350	0.040329	150.943405
830	-26.232868	0.039267	352.201263
831	-24.986055	0.049290	150.943405
832	-24.380623	0.054711	150.943405
833	-25.129923	0.049512	150.943405
834	-24.404844	0.055614	150.943405
835	-25.323664	0.049054	150.943405
836	-25.446257	0.047895	201.257858
837	-24.904634	0.048747	100.628929
838	-27.855160	0.033381	352.201263
839	-28.492460	0.029602	503.144684
840	-26.514406	0.040518	201.257858
841	-23.723516	0.054902	251.572342
842	-24.880987	0.039925	704.402527
843	-23.683023	0.053629	503.144684
844	-22.044046	0.065516	603.773621
845	-23.632904	0.056092	402.515717
846	-28.840019	0.029807	654.088074
847	-26.401237	0.042318	201.257858
848	-28.178158	0.035439	301.886810
849	-29.054720	0.028307	1811.320801
850	-32.191612	0.020018	1811.320801
851	-31.025795	0.022275	754.716980
852	-38.977264	0.008500	805.031433
853	-32.880280	0.020071	150.943405
854	-31.388565	0.023614	100.628929
855	-41.799793	0.006138	855.345886
856	-36.240608	0.013957	251.572342
857	-35.269138	0.013735	805.031433
858	-31.661167	0.021321	301.886810
859	-25.122635	0.046277	301.886810
860	-26.430456	0.036460	553.459106
861	-25.650389	0.042789	201.257858
862	-29.640388	0.029316	452.830200
863	-33.346924	0.017495	301.886810
864	-34.671558	0.016048	150.943405
865	-34.722546	0.014906	452.830200
866	-34.787498	0.015625	251.572342
867	-30.064083	0.026818	100.628929
868	-27.358049	0.037507	100.628929
869	-27.668751	0.035245	201.257858
870	-27.220814	0.034653	251.572342
871	-26.886892	0.037904	100.628929
872	-26.141428	0.042163	201.257858
873	-24.573092	0.049959	100.628929
874	-25.484379	0.044708	452.830200
875	-26.765026	0.035427	603.773621
876	-24.736126	0.047758	603.773621
877	-24.045139	0.051066	503.144684
878	-25.653799	0.041948	654.088074
879	-29.415339	0.024660	352.201263
880	-31.171938	0.024017	201.257858
881	-29.156462	0.031084	100.628929
882	-35.171196	0.014859	503.144684
883	-35.055042	0.015588	301.886810
884	-32.499195	0.020683	452.830200
885	-23.449518	0.052747	905.660400
886	-24.429609	0.048461	352.201263
887	-27.971107	0.030520	704.402527
888	-26.627558	0.036387	603.773621
889	-23.877768	0.054652	301.886810
890	-26.688812	0.039673	201.257858
891	-29.616020	0.027402	402.515717
892	-29.584730	0.029643	201.257858
893	-30.791265	0.020745	402.515717
894	-29.782736	0.028759	201.257858
895	-30.066147	0.027276	201.257858
896	-25.404892	0.042346	301.886810
897	-23.963228	0.051635	201.257858
898	-22.353668	0.059543	603.773621
899	-23.761108	0.053176	402.515717
900	-23.745762	0.053565	251.572342
901	-22.970964	0.057692	201.257858
902	-23.236177	0.059926	201.257858
903	-23.914740	0.054205	251.572342
904	-22.299490	0.066033	452.830200
905	-21.491442	0.066743	704.402527
906	-20.192520	0.076184	805.031433
907	-19.788153	0.080849	1157.232788
908	-20.644501	0.071840	1056.603760
909	-19.669367	0.078359	905.660400
910	-21.807570	0.060833	1257.861572
911	-20.799673	0.073007	905.660400
912	-20.259209	0.074874	805.031433
913	-20.306393	0.077125	805.031433
914	-23.265411	0.049794	503.144684
915	-31.341135	0.022345	503.144684
916	-32.849506	0.017393	654.088074
917	-31.937950	0.020691	503.144684
918	-33.758423	0.016878	452.830200
919	-34.192295	0.015981	603.773621
920	-29.206020	0.026326	704.402527
921	-22.365372	0.060334	754.716980
922	-19.391609	0.086324	704.402527
923	-18.595396	0.093708	754.716980
924	-19.671148	0.083371	1006.289368
925	-22.981194	0.059239	754.716980
926	-21.117064	0.071215	503.144684
927	-22.686043	0.061528	603.773621
928	-25.041363	0.049529	201.257858
929	-23.833883	0.054771	301.886810
930	-24.908251	0.049811	201.257858
931	-23.335800	0.054474	452.830200
932	-23.213055	0.052843	402.515717
933	-22.090931	0.057976	704.402527
934	-19.611504	0.075938	1006.289368
935	-19.924023	0.074546	1308.176147
936	-18.269840	0.095110	1106.918213
937	-18.264685	0.094277	1006.289368
938	-20.200781	0.077505	955.974792
939	-25.980322	0.041466	603.773621
940	-30.899990	0.021193	855.345886
941	-30.344337	0.024002	704.402527
942	-30.823788	0.023826	452.830200
943	-33.508232	0.016713	402.515717
944	-36.026295	0.013250	402.515717
945	-33.235706	0.018116	603.773621
946	-30.072330	0.025562	402.515717
947	-21.575933	0.061456	905.660400
948	-19.874237	0.081321	955.974792
949	-20.446802	0.075476	905.660400
950	-20.117422	0.080538	754.716980
951	-22.186668	0.063963	704.402527
952	-24.095306	0.050345	603.773621
953	-23.288393	0.054081	603.773621
954	-26.044106	0.041672	402.515717
955	-26.853222	0.036914	301.886810
956	-24.855976	0.051320	201.257858
957	-27.395985	0.035695	1006.289368
958	-22.371681	0.063649	704.402527
959	-24.984686	0.045289	704.402527
960	-25.753571	0.042478	503.144684
961	-23.145691	0.057561	201.257858
962	-26.669462	0.038083	301.886810
963	-25.933725	0.044599	503.144684
964	-27.532753	0.035257	201.257858
965	-27.740320	0.035343	301.886810
966	-26.240257	0.037984	301.886810
967	-24.774147	0.047101	301.886810
968	-22.533663	0.059952	402.515717
969	-22.489346	0.063677	201.257858
970	-25.009092	0.049142	100.628929
971	-25.989164	0.042703	352.201263
972	-22.341362	0.059288	301.886810
973	-19.934742	0.083600	402.515717
974	-21.030161	0.070449	452.830200
975	-19.749403	0.084754	452.830200
976	-21.610374	0.068634	301.886810
977	-24.592709	0.049487	201.257858
978	-22.891483	0.059742	201.257858
979	-24.530626	0.051332	201.257858
980	-25.353477	0.049575	100.628929
981	-25.343945	0.047016	100.628929
982	-26.113407	0.041006	100.628929
983	-25.664171	0.045192	150.943405
984	-25.347759	0.048826	50.314465
985	-28.640602	0.032987	100.628929
986	-29.815041	0.028524	251.572342
987	-28.334032	0.032658	553.459106
988	-22.414501	0.058113	704.402527
989	-21.662521	0.063883	603.773621
990	-21.838100	0.062436	1006.289368
991	-21.108553	0.069604	805.031433
992	-22.363752	0.063113	1006.289368
993	-22.135118	0.063746	805.031433
994	-25.045223	0.044153	905.660400
995	-28.112583	0.032742	452.830200
996	-31.886295	0.021703	402.515717
997	-34.815563	0.015364	402.515717
998	-38.153854	0.010573	553.459106
999	-38.576351	0.009614	754.716980
1000	-34.497032	0.014311	251.572342
1001	-35.594784	0.013671	503.144684
1002	-39.095135	0.008914	704.402527
1003	-35.698486	0.013482	301.886810
1004	-30.397371	0.023358	553.459106
1005	-27.801897	0.027546	805.031433
1006	-28.994579	0.024558	1006.289368
1007	-29.103844	0.027155	905.660400
1008	-28.183960	0.029986	1006.289368
1009	-29.679390	0.025196	1106.918213
1010	-27.928707	0.031629	805.031433
1011	-28.613420	0.028249	805.031433
1012	-30.196699	0.024943	704.402527
1013	-31.882013	0.020456	553.459106
1014	-30.771759	0.023506	553.459106
1015	-32.636398	0.018026	855.345886
1016	-33.659016	0.015560	805.031433
1017	-34.280170	0.016597	402.515717
1018	-36.453030	0.012737	553.459106
1019	-34.048012	0.016240	503.144684
1020	-38.125736	0.009440	955.974792
1021	-37.269817	0.010260	855.345886
1022	-34.012051	0.016835	150.943405
1023	-34.424221	0.012883	955.974792
1024	-30.752308	0.024710	251.572342
1025	-30.417791	0.024034	301.886810
1026	-30.507271	0.024795	402.515717
1027	-34.933163	0.014973	301.886810
1028	-33.272106	0.017322	352.201263
1029	-33.874603	0.016675	452.830200
1030	-33.684280	0.016836	402.515717
1031	-34.102039	0.015719	402.515717
1032	-32.100498	0.021672	201.257858
1033	-31.214294	0.021889	402.515717
1034	-33.497494	0.017104	251.572342
1035	-32.815212	0.019598	201.257858
1036	-32.808945	0.017812	251.572342
1037	-34.806507	0.015270	201.257858
1038	-36.597939	0.012054	301.886810
1039	-32.962585	0.017513	251.572342
1040	-34.312687	0.015688	402.515717
1041	-33.037254	0.016153	150.943405
1042	-33.144928	0.017251	201.257858
1043	-36.261833	0.013772	150.943405
1044	-33.367573	0.020333	0.000000
1045	-40.203503	0.008642	50.314465
1046	-37.034374	0.012809	0.000000
1047	-39.168812	0.008680	553.459106
1048	-34.741859	0.016091	100.628929
1049	-35.629791	0.015061	50.314465
1050	-35.465214	0.012683	301.886810
1051	-33.647373	0.017569	251.572342
1052	-37.150208	0.011541	452.830200
1053	-34.261242	0.016198	402.515717
1054	-33.875542	0.016179	402.515717
1055	-37.754337	0.010848	754.716980
1056	-33.439514	0.017891	603.773621
1057	-32.976620	0.018406	352.201263
1058	-35.293652	0.013126	553.459106
1059	-33.800945	0.015692	603.773621
1060	-32.853462	0.018557	150.943405
1061	-32.346760	0.021284	201.257858
1062	-35.356415	0.013979	402.515717
1063	-35.276775	0.014236	352.201263
1064	-28.878805	0.028418	150.943405
1065	-36.884140	0.011106	754.716980
1066	-29.728897	0.024452	352.201263
1067	-30.280090	0.028078	150.943405
1068	-36.310776	0.012651	301.886810
1069	-30.421261	0.024624	251.572342
1070	-34.515312	0.015056	704.402527
1071	-31.158571	0.022980	251.572342
1072	-32.089493	0.021886	251.572342
1073	-32.797882	0.018655	301.886810
1074	-30.724823	0.022885	402.515717
1075	-32.117115	0.017766	452.830200
1076	-32.100704	0.019689	352.201263
1077	-34.686665	0.015220	503.144684
1078	-30.770390	0.023469	301.886810
1079	-34.129833	0.015812	352.201263
1080	-32.863976	0.019829	251.572342
1081	-34.348686	0.015888	452.830200
1082	-34.284439	0.015858	352.201263
1083	-35.784595	0.013228	452.830200
1084	-38.271297	0.010802	251.572342
1085	-33.703369	0.017776	201.257858
1086	-34.036114	0.016615	402.515717
1087	-34.712807	0.015094	402.515717
1088	-39.696739	0.008666	805.031433
1089	-35.346542	0.014496	553.459106
1090	-34.760979	0.015220	704.402527
1091	-31.183783	0.024121	452.830200
1092	-32.683197	0.020211	402.515717
1093	-33.123016	0.017198	352.201263
1094	-32.098465	0.019958	301.886810
1095	-32.041233	0.020212	402.515717
1096	-32.138821	0.020331	352.201263
1097	-34.123650	0.016075	301.886810
1098	-31.954380	0.021190	251.572342
1099	-31.996172	0.021119	301.886810
1100	-31.102331	0.022885	301.886810
1101	-33.448452	0.016451	352.201263
1102	-32.161827	0.020641	402.515717
1103	-40.405685	0.008076	452.830200
1104	-35.769508	0.012761	452.830200
1105	-35.010384	0.014495	402.515717
1106	-38.566357	0.009811	301.886810
1107	-38.418179	0.010279	301.886810
1108	-37.273224	0.011403	352.201263
1109	-35.642097	0.013311	352.201263
1110	-37.484901	0.011371	402.515717
1111	-34.921974	0.015516	201.257858
1112	-33.383835	0.017522	301.886810
1113	-34.068466	0.015581	452.830200
1114	-35.970116	0.013491	553.459106
1115	-35.104328	0.013988	352.201263
1116	-31.990473	0.021905	251.572342
1117	-33.329243	0.017890	251.572342
1118	-31.666437	0.021954	251.572342
1119	-34.942600	0.014176	251.572342
1120	-36.267494	0.013089	352.201263
1121	-35.600319	0.013641	452.830200
1122	-35.642834	0.014204	352.201263
1123	-37.282475	0.009947	855.345886
1124	-39.338795	0.009350	251.572342
1125	-38.375038	0.010056	301.886810
1126	-37.326443	0.011450	352.201263
1127	-33.580990	0.016391	201.257858
1128	-33.624332	0.018012	301.886810
1129	-33.410034	0.018390	251.572342
1130	-36.420925	0.013091	251.572342
1131	-35.886421	0.012700	100.628929
1132	-39.472038	0.008746	251.572342
1133	-36.655903	0.012112	503.144684
1134	-45.797985	0.004243	905.660400
1135	-38.542641	0.008450	1056.603760
1136	-42.635498	0.005506	1106.918213
1137	-37.399647	0.011434	503.144684
1138	-40.337803	0.007703	654.088074
1139	-37.013763	0.011192	553.459106
1140	-35.526558	0.013845	352.201263
1141	-34.998341	0.014160	402.515717
1142	-31.482582	0.022336	352.201263
1143	-31.283741	0.023352	150.943405
1144	-32.536095	0.020262	150.943405
1145	-32.174442	0.020918	251.572342
1146	-33.971954	0.018358	100.628929
1147	-36.685780	0.012696	251.572342
1148	-25.558556	0.033219	1459.119385
1149	-25.884939	0.044625	352.201263
1150	-23.956390	0.047588	251.572342
1151	-28.341589	0.029698	301.886810
1152	-32.418560	0.019670	301.886810
1153	-35.595379	0.013866	452.830200
1154	-34.245895	0.016111	452.830200
1155	-36.672646	0.012290	352.201263
1156	-40.378139	0.006958	1106.918213
1157	-36.190617	0.012895	452.830200
1158	-37.115078	0.012375	402.515717
1159	-42.726719	0.006224	352.201263
1160	-40.133923	0.007726	352.201263
1161	-39.859840	0.007665	603.773621
1162	-40.610909	0.007891	503.144684
1163	-42.836422	0.005959	603.773621
1164	-46.988720	0.003445	1006.289368
1165	-44.719193	0.004634	955.974792
1166	-39.731930	0.008379	754.716980
